0.74837 0.057
1.1084 0.027
1.27 0.343
0.18827 0.011
1.0915 0.33966
0.95842 0.022977
1.7418 0.70942
1.7814 0.69261
0.49931 0.03
1.7651 0.76
0.66799 0.042
0.25307 0.02
1.2004 0.383
1.5082 0.52
0.91997 0.021021
0.25976 0.012
1.0914 0.032
1.4432 0.582
1.222 0.419
0.26627 0.011
1.5204 0.71271
1.5616 0.692
1.9924 0.71429
0.75474 0.052
1.8998 0.792
1.1058 0.371
1.44 0.552
0.13704 0.01
1.6147 0.671
1.3622 0.479
0.6562 0.029
1.1366 0.143
0.95112 0.054
1.6343 0.68368
0.353 0.015015
1.8028 0.81219
1.0104 0.194
0.1437 0.012012
1.8113 0.729
0.17456 0.011011
0.47156 0.015015
0.64809 0.02
0.68949 0.013
0.13397 0.012
0.92712 0.071
0.011158 0.00999
0.17292 0.012
0.39024 0.013972
0.00050553 0.01001
0.81963 0.06
0.23994 0.013026
1.3062 0.423
1.2025 0.32867
1.795 0.752
0.17533 0.01
1.6767 0.63
0.68865 0.015984
1.8721 0.783
0.3442 0.014
0.49809 0.017017
0.31283 0.011976
0.81262 0.12913
0.93638 0.028
0.14266 0.01
1.2359 0.018981
0.42786 0.01503
0.11399 0.012
0.3053 0.015
0.58607 0.021021
1.1336 0.082
1.3856 0.51548
0.71778 0.022022
0.80623 0.03507
0.48691 0.021
1.3388 0.561
1.8872 0.779
0.35658 0.012987
1.4171 0.5986
0.22967 0.01001
0.60748 0.023023
1.7112 0.71528
1.2643 0.541
0.4054 0.013986
1.643 0.71329
1.858 0.74676
0.28652 0.011
0.34664 0.024
1.4867 0.616
0.74999 0.021978
1.6309 0.665
0.86446 0.089
1.8529 0.78779
0.27689 0.015015
0.27204 0.013
0.14682 0.014
1.6871 0.703
1.4208 0.54346
0.39513 0.01001
0.14213 0.011976
1.2514 0.367
