1.9962 0.64201
0.20935 0.097097
0.60646 0.088469
0.34681 0.066206
0.35059 0.093946
0.12333 0.077535
0.1268 0.058031
0.26099 0.090817
1.6353 0.51643
1.8466 0.6284
1.301 0.11573
0.93788 0.090637
0.23727 0.088803
0.91281 0.092386
0.65994 0.10386
1.0677 0.10966
0.73092 0.11168
1.3454 0.4002
0.7655 0.10087
0.91962 0.10071
0.084369 0.062253
0.16938 0.080919
0.43658 0.085279
1.2804 0.42688
0.4182 0.081184
0.6826 0.095142
0.77241 0.11504
0.90493 0.15514
1.5826 0.52191
1.0165 0.099502
1.5107 0.51745
0.86952 0.15553
1.7821 0.61782
1.8885 0.60451
0.73858 0.14797
0.51799 0.097902
1.6316 0.44188
0.98932 0.096807
1.8399 0.60165
0.77808 0.10778
0.91874 0.16468
0.23964 0.081373
0.76687 0.07837
1.152 0.23711
0.42587 0.10244
1.042 0.17959
0.71705 0.096939
0.49162 0.094118
1.546 0.48245
1.5147 0.545
1.6822 0.5595
1.1251 0.27326
0.115 0.070769
0.049744 0.082031
0.1053 0.085799
0.95175 0.10889
0.52637 0.096552
0.11317 0.080241
1.2152 0.076329
0.70426 0.080412
0.83582 0.18474
1.4697 0.47858
0.53392 0.075269
1.5483 0.51047
1.5068 0.45863
1.3345 0.30636
1.7309 0.57186
0.83106 0.098361
0.78822 0.12
0.67759 0.077821
0.038631 0.087584
1.2314 0.4184
1.82 0.61313
0.58651 0.079681
1.6801 0.54789
1.7566 0.55253
0.58133 0.07515
1.3497 0.4502
1.4774 0.50255
1.0153 0.088819
1.1836 0.22658
0.76191 0.090998
0.30739 0.078685
1.0623 0.2774
1.8107 0.59852
0.44348 0.083749
0.54954 0.092386
0.068764 0.077551
0.60224 0.094416
0.90254 0.15848
0.56327 0.11377
0.67754 0.09144
1.083 0.27834
1.0117 0.14108
0.44899 0.089374
1.6993 0.55897
0.60165 0.090622
1.8367 0.6168
1.9076 0.55359
0.078004 0.085128
