1.15 0.111
0.61138 0.024
1.3379 0.44
0.4896 0.023
0.54702 0.028
1.6976 0.704
1.4592 0.465
0.56086 0.041
1.4851 0.596
1.0003 0.061
1.1356 0.119
1.9232 0.773
1.1636 0.175
0.99156 0.149
1.1025 0.051
0.47762 0.011
1.1226 0.046
1.4078 0.607
1.5058 0.614
1.1381 0.392
0.2502 0.014
1.5841 0.644
1.8315 0.779
0.41479 0.017
0.44851 0.013
0.33951 0.02
0.16939 0.015
0.26158 0.011
0.86648 0.041
0.15935 0.013
0.29503 0.013
1.0294 0.026
1.2038 0.222
1.3007 0.378
1.6089 0.647
0.094331 0.013
0.83824 0.063
0.58899 0.015
1.6227 0.654
0.62556 0.017
1.6667 0.691
1.1315 0.383
1.1036 0.052
0.14555 0.011
1.1371 0.345
1.5701 0.694
0.69308 0.044
0.43182 0.011
0.58671 0.012
0.41311 0.015
0.31217 0.014
1.1793 0.097
0.57397 0.059
1.6439 0.734
0.57622 0.012
1.7567 0.792
0.63444 0.03
1.2628 0.272
1.4664 0.533
1.0001 0.251
0.21893 0.011
0.70469 0.029
0.66087 0.031
0.99404 0.131
0.87412 0.019
0.80101 0.014
1.6972 0.693
1.3309 0.478
0.59068 0.019
0.57908 0.03
1.8139 0.741
0.98837 0.088
0.997 0.145
1.8295 0.756
0.56287 0.023
0.23355 0.011
0.61529 0.024
0.80811 0.015
1.5119 0.617
0.30898 0.013
1.37 0.253
1.0513 0.127
1.6446 0.673
0.71825 0.047
1.9195 0.724
0.57711 0.023
1.9785 0.764
1.8068 0.779
1.8566 0.719
0.5193 0.019
0.82973 0.022
1.9009 0.798
1.6613 0.585
1.4835 0.6
0.085526 0.012
0.6049 0.018
0.53919 0.023
1.5861 0.658
0.99753 0.244
0.14374 0.012
